# Created by Octave 6.2.0, Tue Jun 15 02:57:16 2021 GMT <unknown@DESKTOP-7LUIJNT>
# name: waypoints2
# type: matrix
# rows: 9
# columns: 3
 -85.099999999999994 -113.90000000000001 0
 -85.254687500000003 -112.61282676545426 2.527917098090775
 -85.662499999999994 -109.00625866582573 4.666332523855341
 -86.239062500000003 -103.46272310712733 6.4158278645631688
 -86.899999999999991 -96.364647495372083 7.7772174972754522
 -87.560937500000009 -88.094459236572945 8.7516773295402359
 -88.137500000000003 -79.034585736742912 9.3409689550168693
 -88.545312500000009 -69.567454401894963 9.5478525110622581
 -88.700000000000003 -60.07549263804205 9.376901176351053


