# Created by Octave 6.2.0, Tue Jun 15 02:57:16 2021 GMT <unknown@DESKTOP-7LUIJNT>
# name: waypoints1
# type: matrix
# rows: 9
# columns: 3
 -88.700000000000003 -124.90000000000001 0
 -88.545312499999994 -123.54740760950311 2.6803824344756348
 -88.137500000000003 -119.65411091468421 5.1065646486166409
 -87.560937500000009 -113.46683063055104 7.2795891007062181
 -86.900000000000006 -105.23228747211131 9.2007280325358725
 -86.239062499999989 -95.197202154372718 10.8715492006445
 -85.662500000000009 -83.60829539234301 12.294005003130708
 -85.254687500000003 -70.712287901029867 13.470555047453894
 -85.099999999999994 -56.755900395441046 14.40433727439078


